30
0 35 49 59 76 114 79 33 46 132 52 27 98 115 61 153 99 43 62 21 140 65 102 60 148 95 74 108 29 33
35 0 28 24 87 89 54 10 39 107 35 62 73 90 36 128 64 18 37 28 115 40 77 25 123 70 109 83 10 68
49 28 0 52 59 65 30 18 11 83 7 34 49 66 12 104 92 34 33 52 91 16 53 53 99 46 81 59 34 40
59 24 52 0 111 89 54 34 63 107 59 86 73 90 58 128 52 18 37 38 115 48 77 23 123 70 133 83 30 92
76 87 59 111 0 118 83 77 48 62 52 59 72 85 53 77 151 93 92 79 98 63 36 112 72 47 22 34 81 47
114 89 65 89 118 0 35 81 70 56 66 97 46 33 65 55 37 71 52 117 26 55 82 66 62 71 140 84 99 99
79 54 30 54 83 35 0 46 35 53 31 62 19 36 30 74 68 36 17 82 61 20 47 31 69 36 105 49 64 64
33 10 18 34 77 81 46 0 29 99 25 52 65 82 28 120 74 16 29 36 107 32 69 35 115 62 99 75 18 58
46 39 11 63 48 70 35 29 0 86 6 29 52 69 15 107 103 45 44 49 94 19 56 64 102 49 70 62 33 29
132 107 83 107 62 56 53 99 86 0 80 115 34 23 71 21 89 89 70 135 36 67 30 84 16 37 84 28 117 103
52 35 7 59 52 66 31 25 6 80 0 35 46 63 9 101 99 41 40 55 88 13 50 60 96 43 74 56 37 33
27 62 34 86 59 97 62 52 29 115 35 0 81 98 44 136 126 68 67 48 123 48 85 87 131 78 53 91 56 12
98 73 49 73 72 46 19 65 52 34 46 81 0 17 37 55 79 55 36 101 42 33 36 50 50 25 94 38 83 69
115 90 66 90 85 33 36 82 69 23 63 98 17 0 54 38 66 72 53 118 25 50 49 67 33 38 107 51 100 86
61 36 12 58 53 65 30 28 15 71 9 44 37 54 0 92 98 40 39 64 79 10 41 59 87 34 75 47 46 34
153 128 104 128 77 55 74 120 107 21 101 136 55 38 92 0 88 110 91 156 35 88 51 105 7 58 85 45 138 124
99 64 92 52 151 37 68 74 103 89 99 126 79 66 98 88 0 58 59 80 63 88 115 39 95 104 173 117 70 132
43 18 34 18 93 71 36 16 45 89 41 68 55 72 40 110 58 0 19 46 97 30 59 19 105 52 115 65 28 74
62 37 33 37 92 52 17 29 44 70 40 67 36 53 39 91 59 19 0 65 78 29 56 20 86 45 114 58 47 73
21 28 52 38 79 117 82 36 49 135 55 48 101 118 64 156 80 46 65 0 143 68 105 51 151 98 95 111 18 54
140 115 91 115 98 26 61 107 94 36 88 123 42 25 79 35 63 97 78 143 0 75 62 92 42 51 120 64 125 111
65 40 16 48 63 55 20 32 19 67 13 48 33 50 10 88 88 30 29 68 75 0 37 49 83 30 85 43 50 44
102 77 53 77 36 82 47 69 56 30 50 85 36 49 41 51 115 59 56 105 62 37 0 76 46 11 58 6 87 73
60 25 53 23 112 66 31 35 64 84 60 87 50 67 59 105 39 19 20 51 92 49 76 0 100 65 134 78 33 93
148 123 99 123 72 62 69 115 102 16 96 131 50 33 87 7 95 105 86 151 42 83 46 100 0 53 78 40 133 119
95 70 46 70 47 71 36 62 49 37 43 78 25 38 34 58 104 52 45 98 51 30 11 65 53 0 69 13 80 66
74 109 81 133 22 140 105 99 70 84 74 53 94 107 75 85 173 115 114 95 120 85 58 134 78 69 0 56 103 41
108 83 59 83 34 84 49 75 62 28 56 91 38 51 47 45 117 65 58 111 64 43 6 78 40 13 56 0 93 79
29 10 34 30 81 99 64 18 33 117 37 56 83 100 46 138 70 28 47 18 125 50 87 33 133 80 103 93 0 62
33 68 40 92 47 99 64 58 29 103 33 12 69 86 34 124 132 74 73 54 111 44 73 93 119 66 41 79 62 0
30
7 07:00:00 17:00:00 4000.000 3.192 55.000
16 07:00:00 17:00:00 3000.000 2.036 60.000
28 08:00:00 18:00:00 3500.000 4.468 50.000
4 07:00:00 17:00:00 2500.000 1.875 50.000
10 08:00:00 18:00:00 2500.000 1.932 40.000
22 08:00:00 18:00:00 2500.000 1.943 70.000
7 08:00:00 18:00:00 4000.000 5.003 55.000
9 08:00:00 18:00:00 2000.000 2.072 65.000
2 07:00:00 17:00:00 2000.000 2.231 40.000
18 07:00:00 17:00:00 2000.000 1.793 50.000
10 07:00:00 17:00:00 2000.000 1.652 50.000
26 07:00:00 17:00:00 3500.000 3.316 45.000
13 08:00:00 18:00:00 4500.000 5.214 45.000
16 07:00:00 17:00:00 4500.000 4.707 60.000
24 08:00:00 18:00:00 5000.000 5.950 40.000
29 08:00:00 18:00:00 3000.000 2.724 70.000
7 08:00:00 18:00:00 3500.000 3.899 45.000
20 07:00:00 17:00:00 4500.000 3.042 50.000
3 08:00:00 18:00:00 4500.000 3.981 45.000
11 08:00:00 18:00:00 4000.000 3.389 60.000
3 07:00:00 17:00:00 4500.000 4.572 45.000
4 08:00:00 18:00:00 3000.000 2.828 60.000
19 07:00:00 17:00:00 4000.000 4.632 60.000
19 08:00:00 18:00:00 4000.000 4.392 60.000
8 08:00:00 18:00:00 3500.000 3.897 70.000
7 08:00:00 18:00:00 3500.000 2.361 45.000
2 07:00:00 17:00:00 4500.000 4.575 55.000
30 07:00:00 17:00:00 4000.000 2.816 45.000
3 07:00:00 17:00:00 2000.000 2.528 70.000
13 07:00:00 17:00:00 2500.000 2.907 60.000
200
4 8 650.000 0.845 407 534 12:30:00 14:30:00 12:30:00 14:30:00
15 27 163.000 0.169 551 351 09:00:00 11:00:00 10:00:00 12:00:00
19 5 527.000 0.357 445 328 11:00:00 13:00:00 13:00:00 16:00:00
12 30 728.000 0.868 453 495 12:30:00 14:00:00 13:30:00 15:30:00
6 13 749.000 0.452 315 547 13:00:00 14:00:00 14:00:00 17:00:00
10 22 971.000 0.537 368 452 12:30:00 14:30:00 14:30:00 17:30:00
7 10 732.000 0.569 459 352 11:00:00 13:00:00 12:00:00 14:00:00
13 9 657.000 0.441 447 403 13:30:00 15:30:00 15:30:00 17:30:00
26 10 789.000 0.600 545 435 10:00:00 12:00:00 10:00:00 13:00:00
14 8 900.000 0.499 567 312 13:00:00 14:00:00 15:00:00 17:00:00
5 13 832.000 1.156 526 547 09:00:00 11:00:00 10:00:00 11:00:00
13 28 958.000 0.961 591 582 12:00:00 13:00:00 13:00:00 15:00:00
4 28 555.000 0.295 402 545 08:30:00 09:30:00 10:30:00 12:30:00
4 3 344.000 0.379 369 582 12:00:00 13:30:00 14:00:00 17:00:00
30 5 653.000 0.587 450 432 11:30:00 13:00:00 12:30:00 13:30:00
1 15 178.000 0.214 519 550 10:00:00 12:00:00 11:00:00 13:00:00
26 15 185.000 0.213 584 337 12:00:00 13:00:00 13:00:00 14:00:00
20 1 547.000 0.416 427 333 12:30:00 14:30:00 12:30:00 13:30:00
21 24 462.000 0.622 358 594 11:00:00 13:00:00 12:00:00 15:00:00
21 25 954.000 1.202 586 519 10:30:00 12:30:00 11:30:00 12:30:00
3 9 266.000 0.231 436 425 11:00:00 12:30:00 11:00:00 13:00:00
26 6 727.000 0.510 473 406 14:00:00 15:00:00 15:00:00 17:00:00
5 14 858.000 1.030 549 522 14:00:00 15:00:00 15:00:00 18:00:00
15 23 849.000 0.624 438 562 08:30:00 10:30:00 08:30:00 11:30:00
4 30 482.000 0.419 591 345 09:30:00 10:30:00 11:30:00 13:30:00
10 23 387.000 0.240 550 493 14:00:00 15:30:00 14:00:00 17:00:00
20 6 897.000 1.138 431 514 13:00:00 14:00:00 16:00:00 17:00:00
28 29 852.000 1.183 363 553 12:00:00 13:00:00 14:00:00 15:00:00
16 12 696.000 0.778 472 494 08:30:00 09:30:00 11:30:00 14:30:00
4 24 366.000 0.446 335 437 13:00:00 15:00:00 13:00:00 16:00:00
15 2 67.000 0.062 422 456 14:00:00 16:00:00 14:00:00 17:00:00
2 23 729.000 0.745 349 577 09:00:00 11:00:00 10:00:00 13:00:00
19 26 945.000 0.591 439 321 12:30:00 14:00:00 12:30:00 15:30:00
19 28 952.000 1.339 351 410 10:30:00 12:30:00 12:30:00 14:30:00
7 11 24.000 0.026 454 369 13:30:00 15:00:00 14:30:00 16:30:00
21 4 659.000 0.867 484 573 13:30:00 15:30:00 16:30:00 19:30:00
13 1 988.000 0.854 568 594 11:30:00 13:30:00 13:30:00 15:30:00
2 6 478.000 0.250 572 428 12:00:00 13:30:00 14:00:00 15:00:00
24 28 266.000 0.290 591 369 10:00:00 12:00:00 11:00:00 13:00:00
12 4 410.000 0.459 597 462 14:00:00 16:00:00 16:00:00 17:00:00
21 10 495.000 0.565 420 486 13:00:00 14:30:00 13:00:00 16:00:00
14 17 475.000 0.449 388 549 11:00:00 12:00:00 12:00:00 15:00:00
27 28 286.000 0.176 450 332 08:00:00 09:00:00 09:00:00 11:00:00
4 10 769.000 0.837 583 509 10:00:00 11:00:00 13:00:00 15:00:00
20 6 249.000 0.244 307 330 09:00:00 11:00:00 11:00:00 12:00:00
9 13 378.000 0.424 372 583 13:30:00 15:00:00 14:30:00 15:30:00
3 10 607.000 0.471 424 452 13:30:00 14:30:00 15:30:00 18:30:00
1 18 607.000 0.438 575 320 13:00:00 14:30:00 14:00:00 15:00:00
25 22 830.000 1.064 305 362 13:30:00 15:30:00 14:30:00 16:30:00
13 7 181.000 0.266 472 415 12:30:00 14:00:00 13:30:00 14:30:00
28 15 730.000 1.009 551 569 10:30:00 12:30:00 10:30:00 13:30:00
14 12 198.000 0.217 325 385 12:00:00 13:00:00 13:00:00 16:00:00
4 10 710.000 0.825 324 474 14:00:00 16:00:00 17:00:00 18:00:00
27 23 569.000 0.674 461 372 08:30:00 10:00:00 10:30:00 11:30:00
15 14 595.000 0.343 598 304 09:30:00 10:30:00 10:30:00 12:30:00
25 7 15.000 0.008 596 373 13:30:00 15:30:00 14:30:00 17:30:00
22 7 590.000 0.307 555 348 09:00:00 11:00:00 10:00:00 12:00:00
19 4 455.000 0.368 430 338 09:30:00 11:30:00 10:30:00 11:30:00
28 15 878.000 0.869 597 456 12:30:00 14:00:00 12:30:00 15:30:00
30 19 540.000 0.586 541 567 12:00:00 13:30:00 14:00:00 16:00:00
23 17 990.000 1.271 503 360 14:00:00 16:00:00 16:00:00 19:00:00
24 4 612.000 0.759 392 543 08:30:00 10:00:00 09:30:00 10:30:00
27 26 487.000 0.514 403 464 08:30:00 09:30:00 09:30:00 12:30:00
4 6 412.000 0.286 317 343 10:30:00 12:30:00 11:30:00 13:30:00
12 10 545.000 0.401 512 374 14:00:00 15:30:00 17:00:00 20:00:00
16 19 634.000 0.594 334 377 10:30:00 12:00:00 12:30:00 13:30:00
1 29 283.000 0.381 566 490 09:30:00 11:00:00 10:30:00 12:30:00
6 22 435.000 0.552 555 407 12:30:00 14:30:00 14:30:00 16:30:00
20 5 489.000 0.569 573 348 12:00:00 13:00:00 14:00:00 15:00:00
3 21 979.000 1.239 404 416 13:00:00 14:00:00 15:00:00 17:00:00
20 3 956.000 0.578 426 537 08:30:00 10:30:00 10:30:00 11:30:00
27 3 636.000 0.377 336 546 12:30:00 14:30:00 14:30:00 16:30:00
10 12 926.000 0.532 324 444 09:00:00 10:00:00 11:00:00 13:00:00
25 28 427.000 0.232 544 392 10:30:00 12:00:00 11:30:00 14:30:00
7 12 472.000 0.362 513 366 08:30:00 09:30:00 10:30:00 13:30:00
20 5 547.000 0.689 503 306 08:30:00 10:30:00 09:30:00 10:30:00
11 8 436.000 0.223 367 369 14:00:00 15:30:00 15:00:00 18:00:00
27 30 516.000 0.319 543 388 08:30:00 09:30:00 09:30:00 10:30:00
24 6 8.000 0.007 421 527 11:00:00 12:00:00 13:00:00 14:00:00
27 30 920.000 0.682 411 312 13:00:00 14:30:00 14:00:00 16:00:00
25 7 784.000 0.417 388 339 11:00:00 12:00:00 12:00:00 14:00:00
12 19 986.000 1.022 520 524 10:30:00 11:30:00 12:30:00 14:30:00
23 16 555.000 0.666 502 314 08:00:00 09:00:00 09:00:00 10:00:00
19 9 680.000 0.579 399 303 12:00:00 14:00:00 12:00:00 15:00:00
9 19 731.000 0.770 451 462 09:00:00 10:30:00 10:00:00 13:00:00
3 20 859.000 0.904 429 540 12:30:00 13:30:00 14:30:00 16:30:00
3 17 474.000 0.310 333 356 08:30:00 10:30:00 09:30:00 10:30:00
3 20 203.000 0.137 580 369 11:00:00 12:00:00 13:00:00 14:00:00
11 8 275.000 0.346 399 442 08:00:00 09:00:00 09:00:00 12:00:00
3 5 727.000 0.944 423 401 13:00:00 15:00:00 15:00:00 16:00:00
6 11 679.000 0.648 493 430 12:30:00 13:30:00 14:30:00 15:30:00
22 8 965.000 0.907 413 389 14:00:00 15:30:00 15:00:00 18:00:00
29 2 265.000 0.133 454 322 10:30:00 12:00:00 10:30:00 12:30:00
15 9 303.000 0.188 559 488 09:00:00 11:00:00 09:00:00 12:00:00
7 3 755.000 0.794 550 316 10:30:00 12:30:00 10:30:00 11:30:00
12 22 750.000 1.100 402 365 09:00:00 10:30:00 09:00:00 10:00:00
30 19 185.000 0.115 506 586 09:00:00 10:00:00 10:00:00 11:00:00
19 4 354.000 0.276 562 396 09:30:00 11:00:00 10:30:00 13:30:00
16 24 565.000 0.567 537 353 10:00:00 11:30:00 12:00:00 15:00:00
15 11 258.000 0.152 429 497 14:00:00 15:00:00 15:00:00 17:00:00
27 22 501.000 0.575 413 553 10:30:00 11:30:00 11:30:00 13:30:00
15 10 217.000 0.155 534 549 14:00:00 16:00:00 16:00:00 18:00:00
20 26 563.000 0.487 511 517 08:00:00 09:30:00 10:00:00 13:00:00
26 4 851.000 0.930 364 342 08:30:00 10:30:00 09:30:00 11:30:00
26 20 954.000 0.484 306 343 10:00:00 11:00:00 11:00:00 14:00:00
19 22 60.000 0.043 515 544 08:00:00 10:00:00 08:00:00 10:00:00
24 19 738.000 0.838 530 582 13:00:00 14:30:00 14:00:00 15:00:00
23 25 447.000 0.408 404 545 10:00:00 12:00:00 11:00:00 12:00:00
10 3 10.000 0.008 329 561 11:30:00 12:30:00 12:30:00 13:30:00
24 4 440.000 0.607 435 387 10:00:00 12:00:00 11:00:00 13:00:00
2 8 190.000 0.126 444 321 10:30:00 12:00:00 11:30:00 14:30:00
20 28 616.000 0.409 558 411 13:30:00 14:30:00 16:30:00 18:30:00
12 6 252.000 0.214 390 452 13:00:00 14:00:00 15:00:00 18:00:00
8 4 35.000 0.022 591 301 08:30:00 10:00:00 09:30:00 10:30:00
16 20 73.000 0.041 452 470 12:00:00 13:30:00 16:00:00 17:00:00
21 22 979.000 0.923 561 321 08:30:00 10:30:00 10:30:00 12:30:00
26 10 73.000 0.071 303 564 12:30:00 14:00:00 12:30:00 15:30:00
3 5 156.000 0.150 468 485 13:30:00 14:30:00 15:30:00 18:30:00
8 16 310.000 0.268 533 451 10:00:00 11:30:00 12:00:00 14:00:00
21 19 32.000 0.023 517 524 14:00:00 15:30:00 15:00:00 16:00:00
20 11 368.000 0.522 374 487 13:00:00 14:30:00 14:00:00 15:00:00
20 23 686.000 0.422 421 502 11:00:00 12:30:00 14:00:00 17:00:00
23 12 230.000 0.167 559 383 13:00:00 15:00:00 14:00:00 16:00:00
12 18 214.000 0.186 586 562 11:00:00 12:30:00 12:00:00 13:00:00
23 30 667.000 0.479 491 359 13:30:00 14:30:00 15:30:00 16:30:00
8 16 104.000 0.097 320 325 08:00:00 09:30:00 11:00:00 14:00:00
28 14 828.000 0.702 424 592 13:00:00 15:00:00 14:00:00 17:00:00
27 6 509.000 0.638 497 392 14:00:00 16:00:00 17:00:00 19:00:00
13 12 992.000 0.548 451 323 08:30:00 10:30:00 09:30:00 11:30:00
26 14 301.000 0.400 435 353 09:30:00 11:30:00 09:30:00 11:30:00
10 23 200.000 0.255 361 442 12:00:00 13:00:00 12:00:00 14:00:00
26 30 169.000 0.108 462 434 10:00:00 12:00:00 11:00:00 13:00:00
11 15 142.000 0.085 336 465 12:00:00 13:30:00 13:00:00 16:00:00
29 30 985.000 0.601 468 417 10:00:00 11:30:00 11:00:00 13:00:00
24 9 691.000 1.015 544 399 10:30:00 11:30:00 11:30:00 14:30:00
9 17 912.000 0.834 447 593 09:30:00 11:00:00 11:30:00 13:30:00
7 6 119.000 0.105 547 548 11:30:00 13:30:00 11:30:00 12:30:00
28 8 897.000 1.219 524 499 08:30:00 09:30:00 10:30:00 11:30:00
10 16 566.000 0.651 332 383 08:30:00 10:30:00 09:30:00 11:30:00
29 22 804.000 0.407 420 570 13:00:00 15:00:00 14:00:00 16:00:00
28 25 630.000 0.403 398 473 10:30:00 12:30:00 10:30:00 13:30:00
6 4 212.000 0.120 527 583 10:00:00 11:00:00 11:00:00 13:00:00
12 6 291.000 0.382 556 502 10:30:00 11:30:00 11:30:00 14:30:00
5 6 294.000 0.414 337 418 13:00:00 15:00:00 15:00:00 18:00:00
16 29 60.000 0.059 321 537 09:30:00 11:30:00 12:30:00 14:30:00
6 8 314.000 0.404 584 309 09:30:00 11:30:00 10:30:00 13:30:00
8 29 857.000 0.844 492 422 08:30:00 10:30:00 09:30:00 12:30:00
20 2 91.000 0.058 400 479 08:30:00 10:00:00 09:30:00 11:30:00
10 7 982.000 1.413 399 401 12:00:00 13:00:00 14:00:00 15:00:00
28 16 561.000 0.355 452 500 10:30:00 12:30:00 10:30:00 13:30:00
20 5 991.000 1.331 457 357 12:30:00 14:00:00 14:30:00 16:30:00
17 29 468.000 0.396 409 380 11:30:00 13:00:00 13:30:00 14:30:00
9 26 700.000 0.889 514 410 10:30:00 12:00:00 11:30:00 12:30:00
11 8 265.000 0.320 403 444 10:30:00 12:00:00 11:30:00 14:30:00
28 12 911.000 1.090 424 483 09:00:00 11:00:00 11:00:00 13:00:00
25 16 904.000 0.854 309 414 11:00:00 12:00:00 11:00:00 13:00:00
13 14 91.000 0.087 432 335 09:00:00 11:00:00 10:00:00 11:00:00
26 14 722.000 0.539 470 488 10:00:00 11:00:00 11:00:00 12:00:00
28 6 206.000 0.113 542 354 09:00:00 10:30:00 10:00:00 12:00:00
16 25 172.000 0.090 444 467 11:00:00 12:30:00 11:00:00 13:00:00
5 28 698.000 0.607 341 467 10:00:00 12:00:00 10:00:00 11:00:00
22 26 728.000 1.029 483 337 09:30:00 11:30:00 09:30:00 10:30:00
26 3 136.000 0.194 434 420 12:30:00 13:30:00 12:30:00 13:30:00
4 24 126.000 0.078 482 360 12:30:00 14:00:00 12:30:00 15:30:00
13 17 909.000 1.034 531 365 10:00:00 11:00:00 12:00:00 15:00:00
20 22 742.000 0.605 476 468 09:30:00 11:30:00 11:30:00 14:30:00
10 30 553.000 0.735 374 381 13:30:00 15:00:00 15:30:00 16:30:00
25 17 681.000 0.878 323 599 10:00:00 12:00:00 11:00:00 12:00:00
19 11 220.000 0.224 449 447 08:30:00 10:00:00 08:30:00 09:30:00
20 3 341.000 0.473 470 397 12:30:00 14:30:00 13:30:00 15:30:00
21 28 251.000 0.146 447 499 10:00:00 11:00:00 11:00:00 14:00:00
12 26 52.000 0.030 539 467 12:00:00 13:30:00 14:00:00 16:00:00
4 27 958.000 0.753 366 333 08:30:00 09:30:00 10:30:00 12:30:00
12 28 262.000 0.343 520 486 13:30:00 15:00:00 15:30:00 18:30:00
9 2 598.000 0.358 381 523 13:30:00 15:30:00 13:30:00 16:30:00
1 24 235.000 0.180 547 313 10:30:00 12:30:00 11:30:00 13:30:00
23 8 520.000 0.303 366 405 14:00:00 16:00:00 15:00:00 17:00:00
10 9 798.000 0.452 460 591 13:00:00 14:30:00 15:00:00 17:00:00
9 17 519.000 0.395 344 426 13:30:00 14:30:00 16:30:00 19:30:00
15 19 370.000 0.360 470 461 08:00:00 09:00:00 09:00:00 10:00:00
8 16 831.000 0.872 500 501 10:00:00 11:00:00 13:00:00 15:00:00
10 29 207.000 0.230 469 339 11:30:00 12:30:00 14:30:00 15:30:00
8 17 540.000 0.390 502 424 13:30:00 14:30:00 15:30:00 17:30:00
24 15 372.000 0.487 420 381 08:00:00 09:00:00 10:00:00 11:00:00
18 27 444.000 0.421 592 331 14:00:00 15:00:00 16:00:00 19:00:00
10 2 582.000 0.639 545 475 13:30:00 14:30:00 16:30:00 18:30:00
30 28 298.000 0.152 541 431 12:00:00 14:00:00 13:00:00 14:00:00
10 3 146.000 0.179 459 324 08:00:00 09:30:00 09:00:00 10:00:00
25 20 797.000 0.830 523 396 12:30:00 13:30:00 15:30:00 16:30:00
2 14 575.000 0.683 584 468 09:30:00 11:00:00 10:30:00 13:30:00
22 21 912.000 1.297 451 300 11:30:00 12:30:00 13:30:00 16:30:00
12 21 199.000 0.204 580 405 13:00:00 15:00:00 15:00:00 17:00:00
25 13 10.000 0.014 405 466 08:00:00 10:00:00 09:00:00 11:00:00
2 27 887.000 1.273 433 451 14:00:00 15:00:00 16:00:00 19:00:00
22 27 528.000 0.690 387 327 12:30:00 14:30:00 14:30:00 15:30:00
11 24 804.000 0.512 383 341 11:00:00 12:30:00 13:00:00 14:00:00
21 25 712.000 0.519 453 330 08:00:00 09:00:00 08:00:00 11:00:00
2 1 417.000 0.235 318 515 09:30:00 11:00:00 09:30:00 11:30:00
16 29 961.000 1.199 585 378 11:00:00 13:00:00 14:00:00 17:00:00
17 3 110.000 0.135 587 570 09:00:00 11:00:00 10:00:00 12:00:00
